0300 037C 007C 007C 007C 007C 007C 007C
007C 007C 007C 007C 007C 0000 0000 0000
0000 0000 0000 0000 0000 0000 0000 0000
0000 0032 03E0 03E0 03E0 03E0 03E0 03E0 
03E0 03E0 03E0 03E0 03E0 03E0 0000 0000 
0000 0000 0000 0000 0000 0000 0000 0000
0000 0000 3200 1F00 1F00 1F00 1F00 1F00
1F00 1F00 1F00 1F00 1F00 1F00 1F00 0000
0000 0000 0000 0000 0000 0000 0000 0000
0000 0000 0032 0102 0000 0000 0000 0000 
0000 0000 0000 0000 0000 0000 0000 0000
03E0 03E0 03E0 03E0 03E0 03E0 03E0 03E0
03E0 03E0 03E0 03E0 3203 E003 E003 E003
E003 E003 E003 E003 E003 E003 E003 E003
E000 0000 0000 0000 0000 0000 0000 0000
0000 0000 0000 0000 0032 0204 0000 0000
0000 0000 0000 0000 0000 0000 0000 0000
0000 0000 03E0 03E0 03E0 03E0 03E0 03E0
03E0 03E0 03E0 03E0 03E0 03E0 3203 E003
E003 E003 E003 E003 E003 E003 E003 E003
E003 E003 E000 0000 0000 0000 0000 0000
0000 0000 0000 0000 0000 0000 0032 0000 
0000 0000 0000 0000 0000 0000 0000 0000
0000 0000 0000 03E0 03E0 03E0 03E0 03E0
03E0 03E0 03E0 03E0 03E0 03E0 03E0 3203
E003 E003 E003 E003 E003 E003 E003 E003
E003 E003 E003 E000 0000 0000 0000 0000
0000 0000 0000 0000 0000 0000 0000 0032
